$MeshFormat
4.1 0 8
$EndMeshFormat
$PhysicalNames
5
1 8 "inlettemp"
1 9 "outlettemp"
1 10 "junction"
1 11 "topboundary"
1 12 "bottomboundary"
$EndPhysicalNames
$Entities
6 7 2 0
1 0 0 0 0 
2 0 0.5 0 0 
3 0.2 0.5 0 0 
4 0.2 0 0 0 
5 0.3 0.5 0 0 
6 0.3 0 0 0 
1 0 0 0 0 0.5 0 1 8 2 1 -2 
2 0 0.5 0 0.2 0.5 0 1 11 2 2 -3 
3 0.2 0 0 0.2 0.5 0 1 10 2 3 -4 
4 0 0 0 0.2 0 0 1 12 2 4 -1 
5 0.2 0.5 0 0.3 0.5 0 1 11 2 3 -5 
6 0.3 0 0 0.3 0.5 0 1 9 2 5 -6 
7 0.2 0 0 0.3 0 0 1 12 2 6 -4 
1 0 0 0 0.2 0.5 0 0 4 1 2 3 4 
2 0.2 0 0 0.3 0.5 0 0 4 6 7 -3 5 
$EndEntities
$Nodes
15 380 1 380
0 1 0 1
1
0 0 0
0 2 0 1
2
0 0.5 0
0 3 0 1
3
0.2 0.5 0
0 4 0 1
4
0.2 0 0
0 5 0 1
5
0.3 0.5 0
0 6 0 1
6
0.3 0 0
1 1 1 18
7
8
9
10
11
12
13
14
15
16
17
18
19
20
21
22
23
24
0 0.02631578947363098 0 0.05263157894726195
0 0.05263157894727145 0 0.1052631578945429
0 0.07894736842089253 0 0.1578947368417851
0 0.1052631578944999 0 0.2105263157889999
0 0.1315789473681073 0 0.2631578947362146
0 0.1578947368417147 0 0.3157894736834294
0 0.1842105263153221 0 0.3684210526306442
0 0.2105263157889295 0 0.421052631577859
0 0.2368421052625369 0 0.4736842105250738
0 0.2631578947362174 0 0.5263157894724348
0 0.289473684209971 0 0.5789473684199421
0 0.3157894736837247 0 0.6315789473674494
0 0.3421052631574783 0 0.6842105263149566
0 0.3684210526312319 0 0.7368421052624637
0 0.3947368421049855 0 0.789473684209971
0 0.4210526315787391 0 0.8421052631574782
0 0.4473684210524927 0 0.8947368421049855
0 0.4736842105262464 0 0.9473684210524927
1 2 1 8
25
26
27
28
29
30
31
32
0.02222222222218438 0.5 0 0.1111111111109219
0.04444444444434372 0.5 0 0.2222222222217186
0.06666666666650216 0.5 0 0.3333333333325108
0.08888888888865518 0.5 0 0.4444444444432759
0.1111111111108744 0.5 0 0.5555555555543721
0.1333333333331544 0.5 0 0.6666666666657721
0.1555555555554345 0.5 0 0.7777777777771724
0.1777777777777158 0.5 0 0.8888888888885786
1 3 1 18
33
34
35
36
37
38
39
40
41
42
43
44
45
46
47
48
49
50
0.2 0.4736842105262062 0 0.05263157894758757
0.2 0.4473684210524124 0 0.1052631578951752
0.2 0.4210526315788012 0 0.1578947368423975
0.2 0.3947368421052997 0 0.2105263157894006
0.2 0.3684210526317981 0 0.2631578947364038
0.2 0.3421052631582964 0 0.3157894736834072
0.2 0.3157894736847947 0 0.3684210526304105
0.2 0.289473684211293 0 0.4210526315774139
0.2 0.2631578947377914 0 0.4736842105244173
0.2 0.2368421052641437 0 0.5263157894717126
0.2 0.2105263157903499 0 0.5789473684193002
0.2 0.1842105263165562 0 0.6315789473668877
0.2 0.1578947368427624 0 0.6842105263144752
0.2 0.1315789473689687 0 0.7368421052620626
0.2 0.105263157895175 0 0.78947368420965
0.2 0.07894736842138123 0 0.8421052631572375
0.2 0.05263157894758747 0 0.8947368421048251
0.2 0.0263157894737937 0 0.9473684210524126
1 4 1 8
51
52
53
54
55
56
57
58
0.1777777777778393 0 0 0.1111111111108037
0.1555555555556785 0 0 0.2222222222216073
0.1333333333335178 0 0 0.3333333333324111
0.1111111111113571 0 0 0.4444444444432147
0.08888888888913543 0 0 0.5555555555543229
0.06666666666685292 0 0 0.6666666666657354
0.04444444444457044 0 0 0.7777777777771478
0.0222222222222867 0 0 0.8888888888885664
1 5 1 8
59
60
61
62
63
64
65
66
0.211111111111087 0.5 0 0.11111111111087
0.222222222222174 0.5 0 0.2222222222217399
0.2333333333332502 0.5 0 0.3333333333325015
0.2444444444443263 0.5 0 0.444444444443263
0.2555555555554458 0.5 0 0.5555555555544583
0.2666666666665871 0.5 0 0.6666666666658708
0.2777777777777283 0.5 0 0.7777777777772833
0.2888888888888672 0.5 0 0.8888888888886717
1 6 1 18
67
68
69
70
71
72
73
74
75
76
77
78
79
80
81
82
83
84
0.3 0.4736842105262062 0 0.05263157894758757
0.3 0.4473684210524124 0 0.1052631578951752
0.3 0.4210526315788012 0 0.1578947368423975
0.3 0.3947368421052997 0 0.2105263157894006
0.3 0.3684210526317981 0 0.2631578947364038
0.3 0.3421052631582964 0 0.3157894736834072
0.3 0.3157894736847947 0 0.3684210526304105
0.3 0.289473684211293 0 0.4210526315774139
0.3 0.2631578947377914 0 0.4736842105244173
0.3 0.2368421052641437 0 0.5263157894717126
0.3 0.2105263157903499 0 0.5789473684193002
0.3 0.1842105263165562 0 0.6315789473668877
0.3 0.1578947368427624 0 0.6842105263144752
0.3 0.1315789473689687 0 0.7368421052620626
0.3 0.105263157895175 0 0.78947368420965
0.3 0.07894736842138123 0 0.8421052631572375
0.3 0.05263157894758747 0 0.8947368421048251
0.3 0.0263157894737937 0 0.9473684210524126
1 7 1 8
85
86
87
88
89
90
91
92
0.2888888888888636 0 0 0.1111111111113641
0.2777777777777814 0 0 0.2222222222221859
0.2666666666666992 0 0 0.3333333333330081
0.2555555555556603 0 0 0.4444444444433967
0.2444444444445781 0 0 0.5555555555542188
0.2333333333334309 0 0 0.6666666666656912
0.222222222222286 0 0 0.7777777777771394
0.2111111111111442 0 0 0.8888888888885577
2 1 1 144
93
94
95
96
97
98
99
100
101
102
103
104
105
106
107
108
109
110
111
112
113
114
115
116
117
118
119
120
121
122
123
124
125
126
127
128
129
130
131
132
133
134
135
136
137
138
139
140
141
142
143
144
145
146
147
148
149
150
151
152
153
154
155
156
157
158
159
160
161
162
163
164
165
166
167
168
169
170
171
172
173
174
175
176
177
178
179
180
181
182
183
184
185
186
187
188
189
190
191
192
193
194
195
196
197
198
199
200
201
202
203
204
205
206
207
208
209
210
211
212
213
214
215
216
217
218
219
220
221
222
223
224
225
226
227
228
229
230
231
232
233
234
235
236
0.02222222222228131 0.02631578947364906 0 -0.02631578947364906 0.02222222222228131
0.04444444444455851 0.02631578947366713 0 -0.02631578947366713 0.04444444444455851
0.06666666666683445 0.02631578947368522 0 -0.02631578947368522 0.06666666666683445
0.08888888888911016 0.0263157894737033 0 -0.0263157894737033 0.08888888888911016
0.1111111111113317 0.02631578947372138 0 -0.02631578947372138 0.1111111111113317
0.1333333333334987 0.02631578947373946 0 -0.02631578947373946 0.1333333333334987
0.1555555555556657 0.02631578947375755 0 -0.02631578947375755 0.1555555555556657
0.1777777777778327 0.02631578947377563 0 -0.02631578947377563 0.1777777777778327
0.02222222222227593 0.05263157894730656 0 -0.05263157894730656 0.02222222222227593
0.04444444444454657 0.05263157894734169 0 -0.05263157894734169 0.04444444444454657
0.06666666666681598 0.0526315789473768 0 -0.0526315789473768 0.06666666666681598
0.08888888888908486 0.0526315789474119 0 -0.0526315789474119 0.08888888888908486
0.1111111111113063 0.052631578947447 0 -0.052631578947447 0.1111111111113063
0.1333333333334795 0.05263157894748213 0 -0.05263157894748213 0.1333333333334795
0.1555555555556529 0.05263157894751724 0 -0.05263157894751724 0.1555555555556529
0.1777777777778263 0.05263157894755236 0 -0.05263157894755236 0.1777777777778263
0.02222222222227055 0.07894736842094685 0 -0.07894736842094685 0.02222222222227055
0.04444444444453464 0.07894736842100114 0 -0.07894736842100114 0.04444444444453464
0.06666666666679753 0.07894736842105543 0 -0.07894736842105543 0.06666666666679753
0.08888888888905959 0.07894736842110972 0 -0.07894736842110972 0.08888888888905959
0.1111111111112809 0.07894736842116404 0 -0.07894736842116404 0.1111111111112809
0.1333333333334604 0.07894736842121833 0 -0.07894736842121833 0.1333333333334604
0.1555555555556401 0.07894736842127262 0 -0.07894736842127262 0.1555555555556401
0.1777777777778197 0.07894736842132694 0 -0.07894736842132694 0.1777777777778197
0.02222222222226516 0.1052631578945749 0 -0.1052631578945749 0.02222222222226516
0.04444444444452271 0.1052631578946499 0 -0.1052631578946499 0.04444444444452271
0.06666666666677906 0.105263157894725 0 -0.105263157894725 0.06666666666677906
0.08888888888903433 0.1052631578948 0 -0.1052631578948 0.08888888888903433
0.1111111111112555 0.105263157894875 0 -0.105263157894875 0.1111111111112555
0.1333333333334413 0.1052631578949499 0 -0.1052631578949499 0.1333333333334413
0.1555555555556272 0.105263157895025 0 -0.105263157895025 0.1555555555556272
0.1777777777778133 0.1052631578951 0 -0.1052631578951 0.1777777777778133
0.02222222222225977 0.131578947368203 0 -0.131578947368203 0.02222222222225977
0.04444444444451078 0.1315789473682987 0 -0.1315789473682987 0.04444444444451078
0.06666666666676062 0.1315789473683945 0 -0.1315789473683945 0.06666666666676062
0.08888888888900907 0.1315789473684902 0 -0.1315789473684902 0.08888888888900907
0.1111111111112301 0.1315789473685859 0 -0.1315789473685859 0.1111111111112301
0.1333333333334222 0.1315789473686816 0 -0.1315789473686816 0.1333333333334222
0.1555555555556143 0.1315789473687773 0 -0.1315789473687773 0.1555555555556143
0.1777777777778067 0.131578947368873 0 -0.131578947368873 0.1777777777778067
0.02222222222225439 0.1578947368418311 0 -0.1578947368418311 0.02222222222225439
0.04444444444449884 0.1578947368419475 0 -0.1578947368419475 0.04444444444449884
0.06666666666674215 0.1578947368420639 0 -0.1578947368420639 0.06666666666674215
0.08888888888898377 0.1578947368421804 0 -0.1578947368421804 0.08888888888898377
0.1111111111112046 0.1578947368422967 0 -0.1578947368422967 0.1111111111112046
0.133333333333403 0.1578947368424131 0 -0.1578947368424131 0.133333333333403
0.1555555555556015 0.1578947368425296 0 -0.1578947368425296 0.1555555555556015
0.1777777777778002 0.157894736842646 0 -0.157894736842646 0.1777777777778002
0.02222222222224901 0.1842105263154592 0 -0.1842105263154592 0.02222222222224901
0.0444444444444869 0.1842105263155963 0 -0.1842105263155963 0.0444444444444869
0.06666666666672369 0.1842105263157335 0 -0.1842105263157335 0.06666666666672369
0.08888888888895849 0.1842105263158706 0 -0.1842105263158706 0.08888888888895849
0.1111111111111792 0.1842105263160077 0 -0.1842105263160077 0.1111111111111792
0.1333333333333839 0.1842105263161448 0 -0.1842105263161448 0.1333333333333839
0.1555555555555886 0.1842105263162819 0 -0.1842105263162819 0.1555555555555886
0.1777777777777938 0.1842105263164191 0 -0.1842105263164191 0.1777777777777938
0.02222222222224362 0.2105263157890873 0 -0.2105263157890873 0.02222222222224362
0.04444444444447498 0.2105263157892452 0 -0.2105263157892452 0.04444444444447498
0.06666666666670523 0.210526315789403 0 -0.210526315789403 0.06666666666670523
0.08888888888893322 0.2105263157895608 0 -0.2105263157895608 0.08888888888893322
0.1111111111111538 0.2105263157897186 0 -0.2105263157897186 0.1111111111111538
0.1333333333333648 0.2105263157898764 0 -0.2105263157898764 0.1333333333333648
0.1555555555555758 0.2105263157900343 0 -0.2105263157900343 0.1555555555555758
0.1777777777777872 0.2105263157901921 0 -0.2105263157901921 0.1777777777777872
0.02222222222223824 0.2368421052627155 0 -0.2368421052627155 0.02222222222223824
0.04444444444446305 0.236842105262894 0 -0.236842105262894 0.04444444444446305
0.06666666666668677 0.2368421052630725 0 -0.2368421052630725 0.06666666666668677
0.08888888888890793 0.2368421052632511 0 -0.2368421052632511 0.08888888888890793
0.1111111111111285 0.2368421052634295 0 -0.2368421052634295 0.1111111111111285
0.1333333333333457 0.236842105263608 0 -0.236842105263608 0.1333333333333457
0.1555555555555629 0.2368421052637866 0 -0.2368421052637866 0.1555555555555629
0.1777777777777808 0.2368421052639652 0 -0.2368421052639652 0.1777777777777808
0.02222222222223285 0.2631578947363923 0 -0.2631578947363923 0.02222222222223285
0.04444444444445112 0.2631578947365672 0 -0.2631578947365672 0.04444444444445112
0.06666666666666832 0.2631578947367422 0 -0.2631578947367422 0.06666666666666832
0.08888888888888266 0.2631578947369169 0 -0.2631578947369169 0.08888888888888266
0.111111111111103 0.2631578947370919 0 -0.2631578947370919 0.111111111111103
0.1333333333333265 0.2631578947372668 0 -0.2631578947372668 0.1333333333333265
0.1555555555555501 0.2631578947374416 0 -0.2631578947374416 0.1555555555555501
0.1777777777777742 0.2631578947376165 0 -0.2631578947376165 0.1777777777777742
0.02222222222222747 0.2894736842101179 0 -0.2894736842101179 0.02222222222222747
0.04444444444443919 0.2894736842102648 0 -0.2894736842102648 0.04444444444443919
0.06666666666664983 0.2894736842104117 0 -0.2894736842104117 0.06666666666664983
0.0888888888888574 0.2894736842105586 0 -0.2894736842105586 0.0888888888888574
0.1111111111110776 0.2894736842107055 0 -0.2894736842107055 0.1111111111110776
0.1333333333333074 0.2894736842108523 0 -0.2894736842108523 0.1333333333333074
0.1555555555555372 0.2894736842109993 0 -0.2894736842109993 0.1555555555555372
0.1777777777777678 0.2894736842111461 0 -0.2894736842111461 0.1777777777777678
0.02222222222222208 0.3157894736838435 0 -0.3157894736838435 0.02222222222222208
0.04444444444442725 0.3157894736839624 0 -0.3157894736839624 0.04444444444442725
0.0666666666666314 0.3157894736840814 0 -0.3157894736840814 0.0666666666666314
0.08888888888883212 0.3157894736842002 0 -0.3157894736842002 0.08888888888883212
0.1111111111110522 0.3157894736843191 0 -0.3157894736843191 0.1111111111110522
0.1333333333332883 0.315789473684438 0 -0.315789473684438 0.1333333333332883
0.1555555555555244 0.3157894736845568 0 -0.3157894736845568 0.1555555555555244
0.1777777777777612 0.3157894736846759 0 -0.3157894736846759 0.1777777777777612
0.0222222222222167 0.3421052631575691 0 -0.3421052631575691 0.0222222222222167
0.04444444444441532 0.3421052631576602 0 -0.3421052631576602 0.04444444444441532
0.06666666666661292 0.342105263157751 0 -0.342105263157751 0.06666666666661292
0.08888888888880683 0.3421052631578419 0 -0.3421052631578419 0.08888888888880683
0.1111111111110268 0.3421052631579327 0 -0.3421052631579327 0.1111111111110268
0.1333333333332692 0.3421052631580238 0 -0.3421052631580238 0.1333333333332692
0.1555555555555115 0.3421052631581146 0 -0.3421052631581146 0.1555555555555115
0.1777777777777548 0.3421052631582054 0 -0.3421052631582054 0.1777777777777548
0.02222222222221132 0.3684210526312948 0 -0.3684210526312948 0.02222222222221132
0.04444444444440339 0.3684210526313577 0 -0.3684210526313577 0.04444444444440339
0.06666666666659446 0.3684210526314206 0 -0.3684210526314206 0.06666666666659446
0.08888888888878153 0.3684210526314836 0 -0.3684210526314836 0.08888888888878153
0.1111111111110014 0.3684210526315465 0 -0.3684210526315465 0.1111111111110014
0.13333333333325 0.3684210526316093 0 -0.3684210526316093 0.13333333333325
0.1555555555554987 0.3684210526316722 0 -0.3684210526316722 0.1555555555554987
0.1777777777777483 0.3684210526317351 0 -0.3684210526317351 0.1777777777777483
0.02222222222220592 0.3947368421050204 0 -0.3947368421050204 0.02222222222220592
0.04444444444439145 0.3947368421050553 0 -0.3947368421050553 0.04444444444439145
0.066666666666576 0.3947368421050902 0 -0.3947368421050902 0.066666666666576
0.08888888888875628 0.3947368421051251 0 -0.3947368421051251 0.08888888888875628
0.111111111110976 0.3947368421051601 0 -0.3947368421051601 0.111111111110976
0.1333333333332309 0.3947368421051949 0 -0.3947368421051949 0.1333333333332309
0.1555555555554858 0.3947368421052299 0 -0.3947368421052299 0.1555555555554858
0.1777777777777418 0.3947368421052648 0 -0.3947368421052648 0.1777777777777418
0.02222222222220053 0.421052631578746 0 -0.421052631578746 0.02222222222220053
0.04444444444437952 0.4210526315787529 0 -0.4210526315787529 0.04444444444437952
0.06666666666655754 0.4210526315787598 0 -0.4210526315787598 0.06666666666655754
0.08888888888873102 0.4210526315787667 0 -0.4210526315787667 0.08888888888873102
0.1111111111109506 0.4210526315787737 0 -0.4210526315787737 0.1111111111109506
0.1333333333332118 0.4210526315787805 0 -0.4210526315787805 0.1333333333332118
0.155555555555473 0.4210526315787875 0 -0.4210526315787875 0.155555555555473
0.1777777777777353 0.4210526315787944 0 -0.4210526315787944 0.1777777777777353
0.02222222222219516 0.4473684210524839 0 -0.4473684210524839 0.02222222222219516
0.04444444444436758 0.4473684210524749 0 -0.4473684210524749 0.04444444444436758
0.06666666666653909 0.447368421052466 0 -0.447368421052466 0.06666666666653909
0.08888888888870571 0.4473684210524571 0 -0.4473684210524571 0.08888888888870571
0.1111111111109252 0.4473684210524481 0 -0.4473684210524481 0.1111111111109252
0.1333333333331927 0.4473684210524392 0 -0.4473684210524392 0.1333333333331927
0.1555555555554602 0.4473684210524304 0 -0.4473684210524304 0.1555555555554602
0.1777777777777287 0.4473684210524214 0 -0.4473684210524214 0.1777777777777287
0.02222222222218976 0.4736842105262419 0 -0.4736842105262419 0.02222222222218976
0.04444444444435566 0.4736842105262374 0 -0.4736842105262374 0.04444444444435566
0.06666666666652064 0.4736842105262331 0 -0.4736842105262331 0.06666666666652064
0.08888888888868045 0.4736842105262285 0 -0.4736842105262285 0.08888888888868045
0.1111111111108998 0.473684210526224 0 -0.473684210526224 0.1111111111108998
0.1333333333331735 0.4736842105262196 0 -0.4736842105262196 0.1333333333331735
0.1555555555554473 0.4736842105262152 0 -0.4736842105262152 0.1555555555554473
0.1777777777777223 0.4736842105262106 0 -0.4736842105262106 0.1777777777777223
2 2 1 144
237
238
239
240
241
242
243
244
245
246
247
248
249
250
251
252
253
254
255
256
257
258
259
260
261
262
263
264
265
266
267
268
269
270
271
272
273
274
275
276
277
278
279
280
281
282
283
284
285
286
287
288
289
290
291
292
293
294
295
296
297
298
299
300
301
302
303
304
305
306
307
308
309
310
311
312
313
314
315
316
317
318
319
320
321
322
323
324
325
326
327
328
329
330
331
332
333
334
335
336
337
338
339
340
341
342
343
344
345
346
347
348
349
350
351
352
353
354
355
356
357
358
359
360
361
362
363
364
365
366
367
368
369
370
371
372
373
374
375
376
377
378
379
380
0.2111111111111412 0.0263157894737937 0 -0.0263157894737937 0.2111111111111412
0.2222222222222802 0.0263157894737937 0 -0.0263157894737937 0.2222222222222802
0.2333333333334213 0.0263157894737937 0 -0.0263157894737937 0.2333333333334213
0.2444444444445649 0.0263157894737937 0 -0.0263157894737937 0.2444444444445649
0.2555555555556491 0.0263157894737937 0 -0.0263157894737937 0.2555555555556491
0.2666666666666933 0.0263157894737937 0 -0.0263157894737937 0.2666666666666933
0.2777777777777785 0.0263157894737937 0 -0.0263157894737937 0.2777777777777785
0.2888888888888638 0.0263157894737937 0 -0.0263157894737937 0.2888888888888638
0.2111111111111382 0.05263157894758747 0 -0.05263157894758747 0.2111111111111382
0.2222222222222742 0.05263157894758747 0 -0.05263157894758747 0.2222222222222742
0.2333333333334119 0.05263157894758747 0 -0.05263157894758747 0.2333333333334119
0.2444444444445516 0.05263157894758747 0 -0.05263157894758747 0.2444444444445516
0.2555555555556378 0.05263157894758747 0 -0.05263157894758747 0.2555555555556378
0.2666666666666873 0.05263157894758747 0 -0.05263157894758747 0.2666666666666873
0.2777777777777758 0.05263157894758747 0 -0.05263157894758747 0.2777777777777758
0.2888888888888639 0.05263157894758747 0 -0.05263157894758747 0.2888888888888639
0.2111111111111352 0.07894736842138123 0 -0.07894736842138123 0.2111111111111352
0.2222222222222683 0.07894736842138125 0 -0.07894736842138125 0.2222222222222683
0.2333333333334023 0.07894736842138123 0 -0.07894736842138123 0.2333333333334023
0.2444444444445384 0.07894736842138123 0 -0.07894736842138123 0.2444444444445384
0.2555555555556265 0.07894736842138123 0 -0.07894736842138123 0.2555555555556265
0.2666666666666815 0.07894736842138123 0 -0.07894736842138123 0.2666666666666815
0.277777777777773 0.07894736842138123 0 -0.07894736842138123 0.277777777777773
0.2888888888888642 0.07894736842138123 0 -0.07894736842138123 0.2888888888888642
0.2111111111111321 0.105263157895175 0 -0.105263157895175 0.2111111111111321
0.2222222222222625 0.105263157895175 0 -0.105263157895175 0.2222222222222625
0.2333333333333928 0.105263157895175 0 -0.105263157895175 0.2333333333333928
0.2444444444445251 0.105263157895175 0 -0.105263157895175 0.2444444444445251
0.2555555555556153 0.105263157895175 0 -0.105263157895175 0.2555555555556153
0.2666666666666755 0.105263157895175 0 -0.105263157895175 0.2666666666666755
0.2777777777777703 0.105263157895175 0 -0.105263157895175 0.2777777777777703
0.2888888888888643 0.105263157895175 0 -0.105263157895175 0.2888888888888643
0.2111111111111292 0.1315789473689687 0 -0.1315789473689687 0.2111111111111292
0.2222222222222565 0.1315789473689687 0 -0.1315789473689687 0.2222222222222565
0.2333333333333833 0.1315789473689687 0 -0.1315789473689687 0.2333333333333833
0.2444444444445119 0.1315789473689687 0 -0.1315789473689687 0.2444444444445119
0.2555555555556039 0.1315789473689687 0 -0.1315789473689687 0.2555555555556039
0.2666666666666697 0.1315789473689687 0 -0.1315789473689687 0.2666666666666697
0.2777777777777674 0.1315789473689687 0 -0.1315789473689687 0.2777777777777674
0.2888888888888646 0.1315789473689687 0 -0.1315789473689687 0.2888888888888646
0.2111111111111262 0.1578947368427624 0 -0.1578947368427624 0.2111111111111262
0.2222222222222507 0.1578947368427624 0 -0.1578947368427624 0.2222222222222507
0.2333333333333738 0.1578947368427624 0 -0.1578947368427624 0.2333333333333738
0.2444444444444986 0.1578947368427624 0 -0.1578947368427624 0.2444444444444986
0.2555555555555926 0.1578947368427624 0 -0.1578947368427624 0.2555555555555926
0.2666666666666638 0.1578947368427624 0 -0.1578947368427624 0.2666666666666638
0.2777777777777646 0.1578947368427624 0 -0.1578947368427624 0.2777777777777646
0.2888888888888648 0.1578947368427624 0 -0.1578947368427624 0.2888888888888648
0.2111111111111232 0.1842105263165562 0 -0.1842105263165562 0.2111111111111232
0.2222222222222448 0.1842105263165562 0 -0.1842105263165562 0.2222222222222448
0.2333333333333643 0.1842105263165562 0 -0.1842105263165562 0.2333333333333643
0.2444444444444853 0.1842105263165562 0 -0.1842105263165562 0.2444444444444853
0.2555555555555813 0.1842105263165562 0 -0.1842105263165562 0.2555555555555813
0.2666666666666579 0.1842105263165562 0 -0.1842105263165562 0.2666666666666579
0.2777777777777619 0.1842105263165562 0 -0.1842105263165562 0.2777777777777619
0.2888888888888648 0.1842105263165562 0 -0.1842105263165562 0.2888888888888648
0.2111111111111201 0.21052631579035 0 -0.21052631579035 0.2111111111111201
0.2222222222222389 0.2105263157903499 0 -0.2105263157903499 0.2222222222222389
0.2333333333333548 0.2105263157903499 0 -0.2105263157903499 0.2333333333333548
0.2444444444444721 0.2105263157903499 0 -0.2105263157903499 0.2444444444444721
0.2555555555555701 0.2105263157903499 0 -0.2105263157903499 0.2555555555555701
0.2666666666666519 0.2105263157903499 0 -0.2105263157903499 0.2666666666666519
0.277777777777759 0.2105263157903499 0 -0.2105263157903499 0.277777777777759
0.288888888888865 0.2105263157903499 0 -0.2105263157903499 0.288888888888865
0.2111111111111171 0.2368421052641437 0 -0.2368421052641437 0.2111111111111171
0.222222222222233 0.2368421052641437 0 -0.2368421052641437 0.222222222222233
0.2333333333333452 0.2368421052641437 0 -0.2368421052641437 0.2333333333333452
0.2444444444444588 0.2368421052641436 0 -0.2368421052641436 0.2444444444444588
0.2555555555555588 0.2368421052641437 0 -0.2368421052641437 0.2555555555555588
0.266666666666646 0.2368421052641437 0 -0.2368421052641437 0.266666666666646
0.2777777777777563 0.2368421052641437 0 -0.2368421052641437 0.2777777777777563
0.2888888888888653 0.2368421052641437 0 -0.2368421052641437 0.2888888888888653
0.2111111111111142 0.2631578947377914 0 -0.2631578947377914 0.2111111111111142
0.2222222222222272 0.2631578947377914 0 -0.2631578947377914 0.2222222222222272
0.2333333333333357 0.2631578947377914 0 -0.2631578947377914 0.2333333333333357
0.2444444444444456 0.2631578947377914 0 -0.2631578947377914 0.2444444444444456
0.2555555555555474 0.2631578947377914 0 -0.2631578947377914 0.2555555555555474
0.2666666666666401 0.2631578947377914 0 -0.2631578947377914 0.2666666666666401
0.2777777777777534 0.2631578947377914 0 -0.2631578947377914 0.2777777777777534
0.2888888888888655 0.2631578947377914 0 -0.2631578947377914 0.2888888888888655
0.2111111111111111 0.289473684211293 0 -0.289473684211293 0.2111111111111111
0.2222222222222212 0.289473684211293 0 -0.289473684211293 0.2222222222222212
0.2333333333333262 0.289473684211293 0 -0.289473684211293 0.2333333333333262
0.2444444444444323 0.289473684211293 0 -0.289473684211293 0.2444444444444323
0.2555555555555362 0.289473684211293 0 -0.289473684211293 0.2555555555555362
0.2666666666666342 0.289473684211293 0 -0.289473684211293 0.2666666666666342
0.2777777777777508 0.289473684211293 0 -0.289473684211293 0.2777777777777508
0.2888888888888657 0.289473684211293 0 -0.289473684211293 0.2888888888888657
0.2111111111111081 0.3157894736847947 0 -0.3157894736847947 0.2111111111111081
0.2222222222222153 0.3157894736847947 0 -0.3157894736847947 0.2222222222222153
0.2333333333333167 0.3157894736847947 0 -0.3157894736847947 0.2333333333333167
0.244444444444419 0.3157894736847947 0 -0.3157894736847947 0.244444444444419
0.2555555555555249 0.3157894736847947 0 -0.3157894736847947 0.2555555555555249
0.2666666666666284 0.3157894736847947 0 -0.3157894736847947 0.2666666666666284
0.2777777777777479 0.3157894736847947 0 -0.3157894736847947 0.2777777777777479
0.2888888888888659 0.3157894736847947 0 -0.3157894736847947 0.2888888888888659
0.2111111111111051 0.3421052631582964 0 -0.3421052631582964 0.2111111111111051
0.2222222222222094 0.3421052631582965 0 -0.3421052631582965 0.2222222222222094
0.2333333333333072 0.3421052631582964 0 -0.3421052631582964 0.2333333333333072
0.2444444444444058 0.3421052631582964 0 -0.3421052631582964 0.2444444444444058
0.2555555555555136 0.3421052631582964 0 -0.3421052631582964 0.2555555555555136
0.2666666666666225 0.3421052631582964 0 -0.3421052631582964 0.2666666666666225
0.2777777777777451 0.3421052631582964 0 -0.3421052631582964 0.2777777777777451
0.288888888888866 0.3421052631582964 0 -0.3421052631582964 0.288888888888866
0.211111111111102 0.3684210526317981 0 -0.3684210526317981 0.211111111111102
0.2222222222222035 0.368421052631798 0 -0.368421052631798 0.2222222222222035
0.2333333333332977 0.3684210526317981 0 -0.3684210526317981 0.2333333333332977
0.2444444444443926 0.3684210526317981 0 -0.3684210526317981 0.2444444444443926
0.2555555555555024 0.368421052631798 0 -0.368421052631798 0.2555555555555024
0.2666666666666165 0.3684210526317981 0 -0.3684210526317981 0.2666666666666165
0.2777777777777423 0.3684210526317981 0 -0.3684210526317981 0.2777777777777423
0.2888888888888662 0.3684210526317981 0 -0.3684210526317981 0.2888888888888662
0.2111111111110991 0.3947368421052996 0 -0.3947368421052996 0.2111111111110991
0.2222222222221976 0.3947368421052996 0 -0.3947368421052996 0.2222222222221976
0.2333333333332882 0.3947368421052997 0 -0.3947368421052997 0.2333333333332882
0.2444444444443793 0.3947368421052997 0 -0.3947368421052997 0.2444444444443793
0.255555555555491 0.3947368421052997 0 -0.3947368421052997 0.255555555555491
0.2666666666666106 0.3947368421052997 0 -0.3947368421052997 0.2666666666666106
0.2777777777777394 0.3947368421052997 0 -0.3947368421052997 0.2777777777777394
0.2888888888888664 0.3947368421052997 0 -0.3947368421052997 0.2888888888888664
0.211111111111096 0.4210526315788012 0 -0.4210526315788012 0.211111111111096
0.2222222222221918 0.4210526315788012 0 -0.4210526315788012 0.2222222222221918
0.2333333333332787 0.4210526315788012 0 -0.4210526315788012 0.2333333333332787
0.2444444444443661 0.4210526315788012 0 -0.4210526315788012 0.2444444444443661
0.2555555555554797 0.4210526315788012 0 -0.4210526315788012 0.2555555555554797
0.2666666666666047 0.4210526315788012 0 -0.4210526315788012 0.2666666666666047
0.2777777777777368 0.4210526315788012 0 -0.4210526315788012 0.2777777777777368
0.2888888888888666 0.4210526315788012 0 -0.4210526315788012 0.2888888888888666
0.2111111111110931 0.4473684210524124 0 -0.4473684210524124 0.2111111111110931
0.2222222222221859 0.4473684210524124 0 -0.4473684210524124 0.2222222222221859
0.2333333333332692 0.4473684210524124 0 -0.4473684210524124 0.2333333333332692
0.2444444444443528 0.4473684210524124 0 -0.4473684210524124 0.2444444444443528
0.2555555555554685 0.4473684210524123 0 -0.4473684210524123 0.2555555555554685
0.2666666666665988 0.4473684210524124 0 -0.4473684210524124 0.2666666666665988
0.2777777777777339 0.4473684210524124 0 -0.4473684210524124 0.2777777777777339
0.2888888888888669 0.4473684210524124 0 -0.4473684210524124 0.2888888888888669
0.21111111111109 0.4736842105262062 0 -0.4736842105262062 0.21111111111109
0.2222222222221799 0.4736842105262062 0 -0.4736842105262062 0.2222222222221799
0.2333333333332597 0.4736842105262062 0 -0.4736842105262062 0.2333333333332597
0.2444444444443395 0.4736842105262062 0 -0.4736842105262062 0.2444444444443395
0.2555555555554572 0.4736842105262062 0 -0.4736842105262062 0.2555555555554572
0.2666666666665929 0.4736842105262062 0 -0.4736842105262062 0.2666666666665929
0.2777777777777311 0.4736842105262062 0 -0.4736842105262062 0.2777777777777311
0.288888888888867 0.4736842105262062 0 -0.4736842105262062 0.288888888888867
$EndNodes
$Elements
15 441 1 441
0 1 15 1
94 1 
0 2 15 1
95 2 
0 3 15 1
96 3 
0 4 15 1
97 4 
0 5 15 1
98 5 
0 6 15 1
99 6 
1 1 1 19
1 1 7 
2 7 8 
3 8 9 
4 9 10 
5 10 11 
6 11 12 
7 12 13 
8 13 14 
9 14 15 
10 15 16 
11 16 17 
12 17 18 
13 18 19 
14 19 20 
15 20 21 
16 21 22 
17 22 23 
18 23 24 
19 24 2 
1 2 1 9
20 2 25 
21 25 26 
22 26 27 
23 27 28 
24 28 29 
25 29 30 
26 30 31 
27 31 32 
28 32 3 
1 3 1 19
29 3 33 
30 33 34 
31 34 35 
32 35 36 
33 36 37 
34 37 38 
35 38 39 
36 39 40 
37 40 41 
38 41 42 
39 42 43 
40 43 44 
41 44 45 
42 45 46 
43 46 47 
44 47 48 
45 48 49 
46 49 50 
47 50 4 
1 4 1 9
48 4 51 
49 51 52 
50 52 53 
51 53 54 
52 54 55 
53 55 56 
54 56 57 
55 57 58 
56 58 1 
1 5 1 9
57 3 59 
58 59 60 
59 60 61 
60 61 62 
61 62 63 
62 63 64 
63 64 65 
64 65 66 
65 66 5 
1 6 1 19
66 5 67 
67 67 68 
68 68 69 
69 69 70 
70 70 71 
71 71 72 
72 72 73 
73 73 74 
74 74 75 
75 75 76 
76 76 77 
77 77 78 
78 78 79 
79 79 80 
80 80 81 
81 81 82 
82 82 83 
83 83 84 
84 84 6 
1 7 1 9
85 6 85 
86 85 86 
87 86 87 
88 87 88 
89 88 89 
90 89 90 
91 90 91 
92 91 92 
93 92 4 
2 1 3 171
100 1 7 93 58 
101 58 93 94 57 
102 57 94 95 56 
103 56 95 96 55 
104 55 96 97 54 
105 54 97 98 53 
106 53 98 99 52 
107 52 99 100 51 
108 51 100 50 4 
109 7 8 101 93 
110 93 101 102 94 
111 94 102 103 95 
112 95 103 104 96 
113 96 104 105 97 
114 97 105 106 98 
115 98 106 107 99 
116 99 107 108 100 
117 100 108 49 50 
118 8 9 109 101 
119 101 109 110 102 
120 102 110 111 103 
121 103 111 112 104 
122 104 112 113 105 
123 105 113 114 106 
124 106 114 115 107 
125 107 115 116 108 
126 108 116 48 49 
127 9 10 117 109 
128 109 117 118 110 
129 110 118 119 111 
130 111 119 120 112 
131 112 120 121 113 
132 113 121 122 114 
133 114 122 123 115 
134 115 123 124 116 
135 116 124 47 48 
136 10 11 125 117 
137 117 125 126 118 
138 118 126 127 119 
139 119 127 128 120 
140 120 128 129 121 
141 121 129 130 122 
142 122 130 131 123 
143 123 131 132 124 
144 124 132 46 47 
145 11 12 133 125 
146 125 133 134 126 
147 126 134 135 127 
148 127 135 136 128 
149 128 136 137 129 
150 129 137 138 130 
151 130 138 139 131 
152 131 139 140 132 
153 132 140 45 46 
154 12 13 141 133 
155 133 141 142 134 
156 134 142 143 135 
157 135 143 144 136 
158 136 144 145 137 
159 137 145 146 138 
160 138 146 147 139 
161 139 147 148 140 
162 140 148 44 45 
163 13 14 149 141 
164 141 149 150 142 
165 142 150 151 143 
166 143 151 152 144 
167 144 152 153 145 
168 145 153 154 146 
169 146 154 155 147 
170 147 155 156 148 
171 148 156 43 44 
172 14 15 157 149 
173 149 157 158 150 
174 150 158 159 151 
175 151 159 160 152 
176 152 160 161 153 
177 153 161 162 154 
178 154 162 163 155 
179 155 163 164 156 
180 156 164 42 43 
181 15 16 165 157 
182 157 165 166 158 
183 158 166 167 159 
184 159 167 168 160 
185 160 168 169 161 
186 161 169 170 162 
187 162 170 171 163 
188 163 171 172 164 
189 164 172 41 42 
190 16 17 173 165 
191 165 173 174 166 
192 166 174 175 167 
193 167 175 176 168 
194 168 176 177 169 
195 169 177 178 170 
196 170 178 179 171 
197 171 179 180 172 
198 172 180 40 41 
199 17 18 181 173 
200 173 181 182 174 
201 174 182 183 175 
202 175 183 184 176 
203 176 184 185 177 
204 177 185 186 178 
205 178 186 187 179 
206 179 187 188 180 
207 180 188 39 40 
208 18 19 189 181 
209 181 189 190 182 
210 182 190 191 183 
211 183 191 192 184 
212 184 192 193 185 
213 185 193 194 186 
214 186 194 195 187 
215 187 195 196 188 
216 188 196 38 39 
217 19 20 197 189 
218 189 197 198 190 
219 190 198 199 191 
220 191 199 200 192 
221 192 200 201 193 
222 193 201 202 194 
223 194 202 203 195 
224 195 203 204 196 
225 196 204 37 38 
226 20 21 205 197 
227 197 205 206 198 
228 198 206 207 199 
229 199 207 208 200 
230 200 208 209 201 
231 201 209 210 202 
232 202 210 211 203 
233 203 211 212 204 
234 204 212 36 37 
235 21 22 213 205 
236 205 213 214 206 
237 206 214 215 207 
238 207 215 216 208 
239 208 216 217 209 
240 209 217 218 210 
241 210 218 219 211 
242 211 219 220 212 
243 212 220 35 36 
244 22 23 221 213 
245 213 221 222 214 
246 214 222 223 215 
247 215 223 224 216 
248 216 224 225 217 
249 217 225 226 218 
250 218 226 227 219 
251 219 227 228 220 
252 220 228 34 35 
253 23 24 229 221 
254 221 229 230 222 
255 222 230 231 223 
256 223 231 232 224 
257 224 232 233 225 
258 225 233 234 226 
259 226 234 235 227 
260 227 235 236 228 
261 228 236 33 34 
262 24 2 25 229 
263 229 25 26 230 
264 230 26 27 231 
265 231 27 28 232 
266 232 28 29 233 
267 233 29 30 234 
268 234 30 31 235 
269 235 31 32 236 
270 236 32 3 33 
2 2 3 171
271 4 50 237 92 
272 92 237 238 91 
273 91 238 239 90 
274 90 239 240 89 
275 89 240 241 88 
276 88 241 242 87 
277 87 242 243 86 
278 86 243 244 85 
279 85 244 84 6 
280 50 49 245 237 
281 237 245 246 238 
282 238 246 247 239 
283 239 247 248 240 
284 240 248 249 241 
285 241 249 250 242 
286 242 250 251 243 
287 243 251 252 244 
288 244 252 83 84 
289 49 48 253 245 
290 245 253 254 246 
291 246 254 255 247 
292 247 255 256 248 
293 248 256 257 249 
294 249 257 258 250 
295 250 258 259 251 
296 251 259 260 252 
297 252 260 82 83 
298 48 47 261 253 
299 253 261 262 254 
300 254 262 263 255 
301 255 263 264 256 
302 256 264 265 257 
303 257 265 266 258 
304 258 266 267 259 
305 259 267 268 260 
306 260 268 81 82 
307 47 46 269 261 
308 261 269 270 262 
309 262 270 271 263 
310 263 271 272 264 
311 264 272 273 265 
312 265 273 274 266 
313 266 274 275 267 
314 267 275 276 268 
315 268 276 80 81 
316 46 45 277 269 
317 269 277 278 270 
318 270 278 279 271 
319 271 279 280 272 
320 272 280 281 273 
321 273 281 282 274 
322 274 282 283 275 
323 275 283 284 276 
324 276 284 79 80 
325 45 44 285 277 
326 277 285 286 278 
327 278 286 287 279 
328 279 287 288 280 
329 280 288 289 281 
330 281 289 290 282 
331 282 290 291 283 
332 283 291 292 284 
333 284 292 78 79 
334 44 43 293 285 
335 285 293 294 286 
336 286 294 295 287 
337 287 295 296 288 
338 288 296 297 289 
339 289 297 298 290 
340 290 298 299 291 
341 291 299 300 292 
342 292 300 77 78 
343 43 42 301 293 
344 293 301 302 294 
345 294 302 303 295 
346 295 303 304 296 
347 296 304 305 297 
348 297 305 306 298 
349 298 306 307 299 
350 299 307 308 300 
351 300 308 76 77 
352 42 41 309 301 
353 301 309 310 302 
354 302 310 311 303 
355 303 311 312 304 
356 304 312 313 305 
357 305 313 314 306 
358 306 314 315 307 
359 307 315 316 308 
360 308 316 75 76 
361 41 40 317 309 
362 309 317 318 310 
363 310 318 319 311 
364 311 319 320 312 
365 312 320 321 313 
366 313 321 322 314 
367 314 322 323 315 
368 315 323 324 316 
369 316 324 74 75 
370 40 39 325 317 
371 317 325 326 318 
372 318 326 327 319 
373 319 327 328 320 
374 320 328 329 321 
375 321 329 330 322 
376 322 330 331 323 
377 323 331 332 324 
378 324 332 73 74 
379 39 38 333 325 
380 325 333 334 326 
381 326 334 335 327 
382 327 335 336 328 
383 328 336 337 329 
384 329 337 338 330 
385 330 338 339 331 
386 331 339 340 332 
387 332 340 72 73 
388 38 37 341 333 
389 333 341 342 334 
390 334 342 343 335 
391 335 343 344 336 
392 336 344 345 337 
393 337 345 346 338 
394 338 346 347 339 
395 339 347 348 340 
396 340 348 71 72 
397 37 36 349 341 
398 341 349 350 342 
399 342 350 351 343 
400 343 351 352 344 
401 344 352 353 345 
402 345 353 354 346 
403 346 354 355 347 
404 347 355 356 348 
405 348 356 70 71 
406 36 35 357 349 
407 349 357 358 350 
408 350 358 359 351 
409 351 359 360 352 
410 352 360 361 353 
411 353 361 362 354 
412 354 362 363 355 
413 355 363 364 356 
414 356 364 69 70 
415 35 34 365 357 
416 357 365 366 358 
417 358 366 367 359 
418 359 367 368 360 
419 360 368 369 361 
420 361 369 370 362 
421 362 370 371 363 
422 363 371 372 364 
423 364 372 68 69 
424 34 33 373 365 
425 365 373 374 366 
426 366 374 375 367 
427 367 375 376 368 
428 368 376 377 369 
429 369 377 378 370 
430 370 378 379 371 
431 371 379 380 372 
432 372 380 67 68 
433 33 3 59 373 
434 373 59 60 374 
435 374 60 61 375 
436 375 61 62 376 
437 376 62 63 377 
438 377 63 64 378 
439 378 64 65 379 
440 379 65 66 380 
441 380 66 5 67 
$EndElements
